4.018956251929104 4.038737407313766 -0.391959652700855 
-1.952924166454415 -3.548625829770772 2.800391563043698 
0.736306087866563 -3.463391378817922 -1.317591880522284 
-3.567472486126927 4.005132996249418 2.190202884471157 
3.895970794742494 -2.502612793892485 -0.847257392971106 
-1.598230769318456 0.656292810044024 -3.527943054441558 
0.424738861973450 -0.013579656263055 -0.276903920257657 
-1.175794744216501 3.837310280979099 1.301278689177396 
-0.596805062800378 0.017127274754014 -1.958815485576179 
-1.074647218787920 -2.142075733006499 1.080273487649963 
-0.096107973442556 -3.308055294820883 2.370350714655711 
-1.709694846913176 1.924102212018737 1.496989242110398 
0.921840661641871 1.616521519752804 2.579132304285817 
-1.280141035367402 3.040427416398811 -0.487922131479138 
-1.005264320479810 -3.478825911346716 -0.345732725108823 
0.639616481075047 -2.259246270894371 3.834068773490120 
-3.208063893038005 -2.740553768930176 -2.481882344104883 
3.899142759648513 2.021701873270535 3.734109363292783 
-2.094850225823571 -1.095495039188497 -2.627439564193422 
0.596423106573948 -3.039382224299082 0.609324799313313 
1.348171735103832 -1.732344206929132 -0.607335886338345 
-1.818296891005172 -0.073702498587039 2.239712489174575 
-2.194690688072627 2.928182697819507 3.135356030244250 
0.641988848398104 -1.368708853624074 1.669916267375258 
-0.920849426879926 1.392841896815987 3.210967448692590 
-2.851007948085988 1.077765069837259 3.484334151166696 
-3.037117041096487 2.344202278410943 -1.262717609881371 
2.555387571174371 -1.907940393187944 -2.477676185107245 
2.691689905517678 -3.794178441994366 -1.734531318340772 
2.664511562973582 -1.478591260403686 0.872040044594715 
1.452542647391753 -3.362951502160643 -3.177594519333311 
-3.748735571208205 -1.266898749870339 0.482466720334205 
-1.877929983124581 -2.527278009336230 -3.958031275967973 
-1.916623201531106 -0.565589001935188 0.304283354556695 
-1.244425271582181 -2.831427215029054 -2.163694467956749 
-2.454728422159925 0.445681709507597 -1.444943867163544 
2.150704634644864 1.027952929889781 4.017289638419483 
-0.518496320059185 -0.945266444865001 -3.706184498497995 
-3.055038000989272 1.026335921656136 0.356616873489929 
0.076825184599783 2.394713574276158 0.768528998710173 
0.333536081772777 0.841850620325870 -3.520645386361899 
3.518475170774123 0.290686305221314 0.570664475710909 
2.952061313927818 -0.749399026593542 -0.942229288659168 
1.173821963133920 3.805263534947613 1.619405594680055 
0.466719008607684 1.909508877577031 -1.163950204988661 
1.377398235182404 3.445407266405069 -0.306746866717095 
3.791550867297802 1.826563647070629 -2.808657949952232 
2.892101043707214 2.717612221743763 -1.332596474259079 
-3.756006970003388 -0.970712711933577 -1.702065452929699 
3.817981474000247 2.198262499543843 0.275455067069854 
-2.788695114360556 2.237910157221490 -3.319953205649473 
1.494421238874919 -0.725139587926020 -3.760560741837697 
-4.087778577728435 3.646899608781020 -2.324029816327448 
4.074488906234720 0.858781269510833 -1.178984510469693 
3.585566663845965 -3.345606104001110 -3.402764857174971 
1.877791766093676 1.526320311958953 -2.527225483688615 
-0.220613914185426 3.213380317430129 2.890737748345132 
4.171339067526489 -1.477874693159473 -3.546298919708188 
-1.123780471974927 1.150022076431573 -0.223395754248604 
1.302802788940572 -4.085082307256077 3.491766260438681 
2.578290566627981 -2.165458967268126 3.899046995960650 
2.779592987188182 3.303834781886955 -3.644753054662000 
3.795986602229410 -1.531759251425716 2.511603391510748 
-2.486739618968568 -2.162328716402043 -0.750537293147397 
2.363048256219824 2.829385370411873 2.892369001412156 
-2.701479717317090 -0.859039773929095 3.827785416904567 
-0.936748213718988 2.726578346779366 -3.778094887030147 
3.821275297611205 0.039026754792340 3.724809992229618 
1.350941741917061 -0.226805299290994 -1.915595958759882 
-3.641425060351837 2.046371608266071 1.975692258391942 
-2.609034888198121 -3.344864200980061 0.813720448888824 
1.909185334211061 -2.829570248972122 2.091547431436313 
1.305222961979101 3.339928340068292 -2.293952125347557 
-0.240580024696992 0.574003321694707 1.430984232861864 
-3.709155173063279 3.727467244425474 4.146411202213633 
0.293540710769781 -0.149307834038101 3.177711252465813 
3.963649326909720 -2.951333629664743 1.214957587463025 
3.230747996177083 -3.860724365394341 3.133797783422335 
0.483396221538364 -1.881993122272669 -2.388864546850603 
-0.570867253828396 3.745735704410944 -2.134262569464523 
2.142433627820213 1.029927100192711 -0.618559381577356 
-2.740668602764678 -1.830623698363450 2.087313539967135 
-3.680293065642903 0.076444157570319 1.995727007826461 
-1.279660927653610 1.890378027165071 -2.058382637491740 
-2.190391289195439 4.126904544982890 -3.133780711817444 
2.155214793459320 -0.574408988987787 2.832320140802897 
-0.986476376114762 -1.657240901052567 2.962103255817709 
2.002944661009011 2.139431192318495 1.005507053834386 
-0.611983437695886 -1.586641796200197 -0.772455550564521 
1.671911726057732 0.227357678629878 1.150011512161154 
-3.599007440316942 -2.808987963243999 3.580000420089555 
-2.912478088123262 3.162479765682031 0.537415867604604 
-2.627796628390596 -4.126725528554484 -1.196308597646198 
-0.372622996893413 -3.810954005915143 -3.905507737906365 
-3.441846354687776 0.304341511347006 -3.157288677813213 
3.124317433557538 3.713484461384614 1.332684301918902 
0.997840255790015 2.592420083980806 -4.102785221715237 
3.057050654047812 1.092700652577188 2.261197390867120 
3.084314187863654 -0.018752579256878 -2.798282523798031 
2.407136125562714 -3.331241340323284 0.126332406230685 
